6.086027683390814720e+17
-4.889934925550917120e+17
-3.134124894010807040e+17
-5.852510628342204160e+17
-1.228259562755096960e+17
-9.336543733622300160e+17
-7.882486903986375680e+17
-5.126248887280928000e+17
-1.229888769173825600e+17
-1.272197945572719616e+18
7.335123262451356160e+17
2.723153067792570240e+17
-1.002488607057299200e+17
1.879371516474176960e+17
2.972219260130773760e+17
-5.274360691306973440e+17
9.635075702619824640e+17
5.894144035822259200e+17
9.529104813989949440e+17
-1.318068222746222240e+17
-6.706044537341956800e+16
1.104627107955227648e+18
-6.257903213959997440e+17
3.751334814217096320e+17
-8.214200022419406080e+17
-5.617200356377142400e+16
4.030937010556576000e+16
-1.052284907194058240e+18
1.426785270076059520e+17
8.201838338646668800e+17
-1.604138888251220800e+17
4.146648853140581760e+17
-1.344029091749480960e+17
2.238416286614516160e+17
5.534886455494866560e+17
4.673123751673782400e+17
7.517832924934625600e+16
-6.804592614844776960e+17
-1.118564032711623040e+17
6.948441555122851840e+17
-3.404675261660691840e+17
8.702750112784807680e+17
-4.054701981053457920e+17
-2.679055516279449600e+17
-1.849320833614672960e+17
4.523064040282160640e+17
6.464105624373381120e+17
5.578486614744187520e+17
-1.479766213716465664e+18
-3.154415412058343680e+17
