1.759766835183867562e+00
1.014517939293052340e+00
4.623711893513929860e-01
-2.954696661863149762e-02
1.521345757152209766e+00
-1.407473786502916324e-01
-1.701231706552526868e+00
-1.672003488708740937e+00
-1.860110643169456957e-01
2.047343357807586139e-01
-2.016640697020045114e-01
-1.032554440402342788e+00
1.444473454944384727e+00
-1.568795192755624068e+00
-6.604267546799624800e-02
9.586789849001844388e-01
1.046624112548553587e+00
-1.733953368990485577e+00
-1.300162929439764525e+00
1.495674078457676082e+00
4.822809745440234663e-02
9.296392208305879201e-01
7.315532852496775540e-01
-3.824617681943394687e-01
1.752484440889562567e+00
-1.889290082710503915e+00
8.600488869503246647e-01
-4.838096255068747298e-01
-8.414348785055838498e-01
1.535907347634689613e-01
-8.641190966162373144e-01
-1.844749593227700268e+00
7.333077253977215992e-01
-5.545416700936759424e-01
4.139645141216696245e-01
1.242524340291361495e+00
-8.410330965635502976e-01
-1.360132673310855855e+00
-1.470873168578310075e+00
4.614844472523456087e-01
1.095545384222404994e+00
-1.213156308352924539e-01
3.958924556696220010e-01
3.887997560340229475e-01
-1.370003848949961356e-01
-2.651433766224510769e-01
-3.451311605772420799e-01
5.876179722453992449e-01
-1.546271789206814153e-03
-3.822269364443821593e-01
