4.000000000000000222e-01
9.000000000000000222e-01
1.399999999999999911e+00
1.899999999999999911e+00
2.399999999999999911e+00
2.899999999999999911e+00
3.399999999999999911e+00
3.899999999999999911e+00
4.400000000000000355e+00
4.900000000000000355e+00
5.400000000000000355e+00
5.900000000000000355e+00
6.400000000000000355e+00
6.900000000000000355e+00
7.400000000000000355e+00
7.900000000000000355e+00
8.400000000000000355e+00
8.900000000000000355e+00
9.400000000000000355e+00
9.900000000000000355e+00
1.040000000000000036e+01
1.090000000000000036e+01
1.140000000000000036e+01
1.190000000000000036e+01
1.240000000000000036e+01
1.290000000000000036e+01
1.340000000000000036e+01
1.390000000000000036e+01
1.440000000000000036e+01
1.490000000000000036e+01
1.540000000000000036e+01
1.590000000000000036e+01
1.639999999999999858e+01
1.689999999999999858e+01
1.739999999999999858e+01
1.789999999999999858e+01
1.839999999999999858e+01
1.889999999999999858e+01
1.939999999999999858e+01
1.989999999999999858e+01
2.039999999999999858e+01
2.089999999999999858e+01
2.139999999999999858e+01
2.189999999999999858e+01
2.239999999999999858e+01
2.289999999999999858e+01
2.339999999999999858e+01
2.389999999999999858e+01
2.439999999999999858e+01
2.489999999999999858e+01
