-1.204308648659158987e+00
6.244744020813230989e-01
4.916274129967421191e-01
9.208232236764971601e-01
6.152219808001708340e-02
1.925024494030792122e+00
-4.110702672151245879e-02
6.185656474820769857e-01
-7.069869110171079774e-01
-9.813940077436790199e-01
1.942545189511893922e+00
-3.119847986807987028e-01
2.583778756923549302e-01
6.264589446902475711e-02
-1.186890060657438184e+00
-7.274772311067358999e-01
-2.633965073007023538e-01
-5.881071623812196281e-01
-4.630704665668188280e-01
4.675270440760901335e-03
-8.807516826448416047e-01
5.624409008224857676e-01
-3.013708909436802474e-01
-9.245906112684193490e-01
-3.886554833599988323e-01
1.279657495949819701e+00
-6.790320043154610685e-01
1.794440471449584074e+00
-1.652590047696300413e-01
9.573166956564511942e-02
-2.632433190304989123e-01
-5.415182345361534838e-02
2.509449460190091852e-01
8.899548659269415074e-01
-1.382533990551084502e+00
-1.501709470894549536e+00
8.574770864314116281e-01
-8.078859460238689838e-01
-1.782983526840088206e+00
-1.625599774766573136e+00
1.736527858894089671e-01
2.925747981243920215e-01
-1.414622835838398984e+00
-1.312935273546089743e+00
1.400684789439811784e+00
7.713346090187958581e-02
-3.886039532268502628e-01
-3.226608893908718134e-02
-1.221364339986868996e+00
-4.745952259192922074e-01
