1.104343869134491563e+00
-9.112492678400730961e-01
1.925068135463917918e-01
-1.030679964440128993e+00
1.368631876936744041e+00
7.723451222794694981e-01
-5.402660194553871031e-01
6.944809050346938128e-02
-1.574474662388813062e+00
-7.178463534357939491e-01
9.082628005546109495e-01
1.383936002872340421e+00
-2.515032176128210395e+00
-1.362547023649389510e+00
5.667493689565928916e-01
-3.595982557986009964e-01
3.303305226860283605e-01
2.157770485432587149e-01
-2.275467433316712140e-01
-1.457027948716743015e+00
-2.248837731164860798e-01
-9.024030974190325738e-01
2.435777893598690014e+00
-1.017553653234658739e+00
-3.570024960030001027e-01
-2.895538626529558512e-01
2.298304140520028849e+00
8.211708994259119265e-01
-5.093891666764320536e-02
-1.334638836155833896e+00
-1.196106245126802525e+00
4.814417031837151667e-02
4.561507067198605769e-01
-7.862810832722795240e-01
1.009672728117234630e+00
4.191713350339842936e-01
-1.783187251826433561e+00
-1.175309769779629088e+00
9.280732390302843804e-01
1.177800554334634597e+00
-6.441240051430006108e-01
5.031412795507503866e-01
1.017903295991465562e+00
5.698473814730539710e-02
-1.006620822836934659e+00
7.111355380084311006e-01
-1.860341140326410847e-01
1.503637769655921143e-02
3.311599941922557244e-01
-1.058885906554353662e+00
