5.049000000000000199e+01
4.948000000000000398e+01
4.846999999999999886e+01
4.746000000000000085e+01
4.645000000000000284e+01
4.544000000000000483e+01
4.442999999999999972e+01
4.342000000000000171e+01
4.241000000000000369e+01
4.140000000000000568e+01
4.039000000000000057e+01
3.938000000000000256e+01
3.837000000000000455e+01
3.735999999999999943e+01
3.635000000000000142e+01
3.534000000000000341e+01
3.432999999999999829e+01
3.332000000000000028e+01
3.231000000000000227e+01
3.130000000000000071e+01
3.029000000000000270e+01
2.928000000000000114e+01
2.827000000000000313e+01
2.726000000000000156e+01
2.625000000000000000e+01
2.524000000000000199e+01
2.423000000000000043e+01
2.322000000000000242e+01
2.221000000000000085e+01
2.120000000000000284e+01
2.019000000000000128e+01
1.918000000000000327e+01
1.817000000000000171e+01
1.716000000000000369e+01
1.614999999999999858e+01
1.514000000000000057e+01
1.413000000000000256e+01
1.312000000000000455e+01
1.210999999999999943e+01
1.110000000000000142e+01
1.009000000000000341e+01
9.079999999999998295e+00
8.070000000000000284e+00
7.060000000000002274e+00
6.050000000000004263e+00
5.039999999999999147e+00
4.030000000000001137e+00
3.020000000000003126e+00
2.009999999999998010e+00
1.000000000000000000e+00
